0.0000 300.76  14.0000 -11.8000 0.0000 100000.0000
50.0000 300.8047 14.0000 -11.8000 0.0000 99447.6332
100.0000 300.8664 14.0000 -11.6001 0.0000 98895.2665
150.0000 300.9365 14.0000 -11.4005 0.0000 98342.8997
200.0000 301.0130 14.0000 -11.2012 0.0000 97790.5329
250.0000 301.0943 14.0000 -11.0023 0.0000 97238.1661
300.0000 301.1799 14.0000 -10.8040 0.0000 96685.7994
350.0000 301.2691 14.0000 -10.6063 0.0000 96133.4326
400.0000 301.3616 14.0000 -10.4094 0.0000 95581.0658
450.0000 301.4570 14.0000 -10.2134 0.0000 95028.6991
500.0000 301.5552 14.0000 -10.0183 0.0000 94485.3013
550.0000 301.6558 14.0000 -9.8243 0.0000 93955.3572
600.0000 301.7587 14.0000 -9.6315 0.0000 93425.4130
650.0000 301.8638 14.0000 -9.4399 0.0000 92895.4688
700.0000 301.9709 14.0000 -9.2497 0.0000 92365.5246
750.0000 302.0800 14.0000 -9.0610 0.0000 91835.5805
800.0000 302.1909 14.0000 -8.8738 0.0000 91305.6363
850.0000 302.3036 14.0000 -8.6882 0.0000 90775.6921
900.0000 302.4179 14.0000 -8.5042 0.0000 90245.7479
950.0000 302.5338 14.0000 -8.3221 0.0000 89715.8038
1000.0000 302.6512 14.0000 -8.1418 0.0000 89203.7298
1050.0000 302.7702 14.0000 -7.9635 0.0000 88696.1234
1100.0000 302.8905 14.0000 -7.7871 0.0000 88188.5169
1150.0000 303.0123 14.0000 -7.6128 0.0000 87680.9105
1200.0000 303.1353 14.0000 -7.4406 0.0000 87173.3041
1250.0000 303.2597 14.0000 -7.2706 0.0000 86665.6976
1300.0000 303.3853 14.0000 -7.1028 0.0000 86158.0912
1350.0000 303.5121 13.8966 -6.9372 0.0000 85650.4848
1400.0000 303.6401 13.6235 -6.7740 0.0000 85142.8783
1450.0000 303.7692 13.3554 -6.6131 0.0000 84639.5746
1500.0000 303.8995 13.0923 -6.4546 0.0000 84153.4815
1550.0000 304.0309 12.8340 -6.2985 0.0000 83667.3884
1600.0000 304.1633 12.5805 -6.1449 0.0000 83181.2952
1650.0000 304.2967 12.3316 -5.9938 0.0000 82695.2021
1700.0000 304.4312 12.0872 -5.8451 0.0000 82209.1090
1750.0000 304.5667 11.8473 -5.6990 0.0000 81723.0159
1800.0000 304.7031 11.6117 -5.5554 0.0000 81236.9228
1850.0000 304.8405 11.3805 -5.4144 0.0000 80750.8297
1900.0000 304.9788 11.1534 -5.2759 0.0000 80264.7366
1950.0000 305.1180 10.9305 -5.1400 0.0000 79791.1783
2000.0000 305.2582 10.7116 -5.0066 0.0000 79325.9767
2050.0000 305.3992 10.4966 -4.8758 0.0000 78860.7750
2100.0000 305.5410 10.2856 -4.7476 0.0000 78395.5733
2150.0000 305.6837 10.0784 -4.6219 0.0000 77930.3717
2200.0000 305.8273 9.8749 -4.4988 0.0000 77465.1700
2250.0000 305.9717 9.6751 -4.3782 0.0000 76999.9683
2300.0000 306.1168 9.4790 -4.2602 0.0000 76534.7667
2350.0000 306.2628 9.2864 -4.1446 0.0000 76069.5650
2400.0000 306.4095 9.0973 -4.0316 0.0000 75604.3633
2450.0000 306.5570 8.9116 -3.9210 0.0000 75159.5867
2500.0000 306.7053 8.7293 -3.8129 0.0000 74714.8100
2550.0000 306.8543 8.5503 -3.7072 0.0000 74270.0334
2600.0000 307.0040 8.3745 -3.6039 0.0000 73825.2567
2650.0000 307.1545 8.2020 -3.5030 0.0000 73380.4801
2700.0000 307.3056 8.0326 -3.4044 0.0000 72935.7034
2750.0000 307.4575 7.8662 -3.3082 0.0000 72490.9268
2800.0000 307.6101 7.7029 -3.2143 0.0000 72046.1501
2850.0000 307.7633 7.5426 -3.1226 0.0000 71601.3735
2900.0000 307.9172 7.3853 -3.0332 0.0000 71164.5610
2950.0000 308.0718 7.2308 -2.9459 0.0000 70739.6946
3000.0000 308.2270 7.0791 -2.8609 0.0000 70314.8283
3050.0000 308.3829 6.9302 -2.7779 0.0000 69889.9620
3100.0000 308.5395 6.7841 -2.6971 0.0000 69465.0956
3150.0000 308.6966 6.6406 -2.6183 0.0000 69040.2293
3200.0000 308.8544 6.4998 -2.5416 0.0000 68615.3629
3250.0000 309.0128 6.3616 -2.4668 0.0000 68190.4966
3300.0000 309.1718 6.2260 -2.3940 0.0000 67765.6303
3350.0000 309.3314 6.0928 -2.3231 0.0000 67340.7639
3400.0000 309.4916 5.9622 -2.2541 0.0000 66931.3873
3450.0000 309.6524 5.8340 -2.1870 0.0000 66525.8830
3500.0000 309.8138 5.7081 -2.1216 0.0000 66120.3787
3550.0000 309.9758 5.5847 -2.0580 0.0000 65714.8745
3600.0000 310.1383 5.4635 -1.9961 0.0000 65309.3702
3650.0000 310.3014 5.3446 -1.9360 0.0000 64903.8660
3700.0000 310.4651 5.2280 -1.8775 0.0000 64498.3617
3750.0000 310.6293 5.1135 -1.8206 0.0000 64092.8575
3800.0000 310.7941 5.0012 -1.7653 0.0000 63687.3532
3850.0000 310.9594 4.8911 -1.7116 0.0000 63285.6070
3900.0000 311.1252 4.7830 -1.6593 0.0000 62898.8929
3950.0000 311.2916 4.6770 -1.6086 0.0000 62512.1788
4000.0000 311.4585 4.5730 -1.5593 0.0000 62125.4647
4050.0000 311.6259 4.4710 -1.5114 0.0000 61738.7507
4100.0000 311.7939 4.3710 -1.4648 0.0000 61352.0366
4150.0000 311.9623 4.2729 -1.4197 0.0000 60965.3225
4200.0000 312.1313 4.1766 -1.3758 0.0000 60578.6084
4250.0000 312.3007 4.0823 -1.3332 0.0000 60191.8943
4300.0000 312.4707 3.9898 -1.2918 0.0000 59805.1803
4350.0000 312.6412 3.8990 -1.2517 0.0000 59429.3885
4400.0000 312.8121 3.8101 -1.2127 0.0000 59060.8782
4450.0000 312.9836 3.7228 -1.1749 0.0000 58692.3680
4500.0000 313.1555 3.6373 -1.1382 0.0000 58323.8577
4550.0000 313.3279 3.5535 -1.1026 0.0000 57955.3475
4600.0000 313.5007 3.4713 -1.0681 0.0000 57586.8372
4650.0000 313.6741 3.3908 -1.0346 0.0000 57218.3270
4700.0000 313.8479 3.3119 -1.0021 0.0000 56849.8168
4750.0000 314.0222 3.2345 -0.9705 0.0000 56481.3065
4800.0000 314.1969 3.1587 -0.9400 0.0000 56112.7963
4850.0000 314.3721 3.0843 -0.9103 0.0000 55761.8957
4900.0000 314.5477 3.0115 -0.8816 0.0000 55410.9950
4950.0000 314.7238 2.9402 -0.8537 0.0000 55060.0944
5000.0000 314.9003 2.8703 -0.8267 0.0000 54709.1938
5050.0000 315.0773 2.8018 -0.8005 0.0000 54358.2932
5100.0000 315.2547 2.7347 -0.7751 0.0000 54007.3926
5150.0000 315.4326 2.6690 -0.7505 0.0000 53656.4920
5200.0000 315.6109 2.6046 -0.7266 0.0000 53305.5913
5250.0000 315.7896 2.5416 -0.7035 0.0000 52954.6907
5300.0000 315.9687 2.4798 -0.6811 0.0000 52610.5951
5350.0000 316.1483 2.4194 -0.6594 0.0000 52276.7069
5400.0000 316.3282 2.3602 -0.6383 0.0000 51942.8188
5450.0000 316.5086 2.3022 -0.6179 0.0000 51608.9306
5500.0000 316.6894 2.2454 -0.5982 0.0000 51275.0425
5550.0000 316.8707 2.1899 -0.5790 0.0000 50941.1543
5600.0000 317.0523 2.1355 -0.5605 0.0000 50607.2661
5650.0000 317.2343 2.0822 -0.5425 0.0000 50273.3780
5700.0000 317.4168 2.0301 -0.5252 0.0000 49939.4898
5750.0000 317.5996 1.9791 -0.5083 0.0000 49605.6017
5800.0000 317.7829 1.9292 -0.4920 0.0000 49284.8464
5850.0000 317.9665 1.8803 -0.4762 0.0000 48967.3744
5900.0000 318.1505 1.8325 -0.4609 0.0000 48649.9024
5950.0000 318.3349 1.7858 -0.4460 0.0000 48332.4304
6000.0000 318.5197 1.7400 -0.4317 0.0000 48014.9584
6050.0000 318.7049 1.6953 -0.4178 0.0000 47697.4865
6100.0000 318.8905 1.6515 -0.4043 0.0000 47380.0145
6150.0000 319.0764 1.6087 -0.3913 0.0000 47062.5425
6200.0000 319.2628 1.5669 -0.3786 0.0000 46745.0705
6250.0000 319.4495 1.5259 -0.3664 0.0000 46430.7632
6300.0000 319.6366 1.4859 -0.3546 0.0000 46129.1150
6350.0000 319.8240 1.4468 -0.3431 0.0000 45827.4668
6400.0000 320.0118 1.4085 -0.3320 0.0000 45525.8185
6450.0000 320.2000 1.3711 -0.3213 0.0000 45224.1703
6500.0000 320.3886 1.3346 -0.3109 0.0000 44922.5221
6550.0000 320.5775 1.2989 -0.3008 0.0000 44620.8739
6600.0000 320.7668 1.2639 -0.2911 0.0000 44319.2256
6650.0000 320.9564 1.2298 -0.2817 0.0000 44017.5774
6700.0000 321.1464 1.1965 -0.2725 0.0000 43715.9292
6750.0000 321.3368 1.1639 -0.2637 0.0000 43423.4236
6800.0000 321.5275 1.1321 -0.2551 0.0000 43137.0131
6850.0000 321.7185 1.1011 -0.2469 0.0000 42850.6026
6900.0000 321.9099 1.0707 -0.2388 0.0000 42564.1922
6950.0000 322.1017 1.0411 -0.2311 0.0000 42277.7817
7000.0000 322.2938 1.0122 -0.2236 0.0000 41991.3712
7050.0000 322.4862 0.9839 -0.2163 0.0000 41704.9607
7100.0000 322.6790 0.9563 -0.2093 0.0000 41418.5503
7150.0000 322.8721 0.9294 -0.2025 0.0000 41132.1398
7200.0000 323.0656 0.9031 -0.1959 0.0000 40845.7293
7250.0000 323.2593 0.8775 -0.1895 0.0000 40573.9789
7300.0000 323.4535 0.8525 -0.1834 0.0000 40302.2286
7350.0000 323.6479 0.8280 -0.1774 0.0000 40030.4782
7400.0000 323.8427 0.8042 -0.1716 0.0000 39758.7279
7450.0000 324.0378 0.7810 -0.1660 0.0000 39486.9775
7500.0000 324.2333 0.7583 -0.1606 0.0000 39215.2271
7550.0000 324.4291 0.7362 -0.1554 0.0000 38943.4768
7600.0000 324.6252 0.7146 -0.1503 0.0000 38671.7264
7650.0000 324.8216 0.6936 -0.1454 0.0000 38399.9761
7700.0000 325.0183 0.6731 -0.1407 0.0000 38133.8627
7750.0000 325.2154 0.6531 -0.1361 0.0000 37876.2048
7800.0000 325.4128 0.6337 -0.1317 0.0000 37618.5468
7850.0000 325.6105 0.6147 -0.1274 0.0000 37360.8889
7900.0000 325.8085 0.5962 -0.1232 0.0000 37103.2310
7950.0000 326.0068 0.5781 -0.1192 0.0000 36845.5730
8000.0000 326.2054 0.5606 -0.1153 0.0000 36587.9151
8050.0000 326.4044 0.5435 -0.1116 0.0000 36330.2572
8100.0000 326.6036 0.5268 -0.1079 0.0000 36072.5992
8150.0000 326.8032 0.5106 -0.1044 0.0000 35814.9413
8200.0000 327.0031 0.4948 -0.1010 0.0000 35568.1121
8250.0000 327.2032 0.4794 -0.0977 0.0000 35323.9901
8300.0000 327.4037 0.4644 -0.0945 0.0000 35079.8680
8350.0000 327.6045 0.4498 -0.0914 0.0000 34835.7460
8400.0000 327.8056 0.4356 -0.0884 0.0000 34591.6240
8450.0000 328.0070 0.4218 -0.0855 0.0000 34347.5019
8500.0000 328.2087 0.4084 -0.0827 0.0000 34103.3799
8550.0000 328.4106 0.3953 -0.0800 0.0000 33859.2579
8600.0000 328.6129 0.3826 -0.0774 0.0000 33615.1358
8650.0000 328.8155 0.3702 -0.0749 0.0000 33373.6121
8700.0000 329.0183 0.3582 -0.0724 0.0000 33142.4817
8750.0000 329.2215 0.3465 -0.0701 0.0000 32911.3513
8800.0000 329.4249 0.3351 -0.0678 0.0000 32680.2209
8850.0000 329.6286 0.3241 -0.0656 0.0000 32449.0904
8900.0000 329.8327 0.3133 -0.0634 0.0000 32217.9600
8950.0000 330.0370 0.3029 -0.0613 0.0000 31986.8296
9000.0000 330.2416 0.2928 -0.0593 0.0000 31755.6992
9050.0000 330.4464 0.2829 -0.0574 0.0000 31524.5687
9100.0000 330.6516 0.2733 -0.0555 0.0000 31293.4383
9150.0000 330.8570 0.2641 -0.0537 0.0000 31069.7841
9200.0000 331.0628 0.2550 -0.0520 0.0000 30851.1141
9250.0000 331.2688 0.2463 -0.0503 0.0000 30632.4441
9300.0000 331.4750 0.2378 -0.0486 0.0000 30413.7741
9350.0000 331.6816 0.2295 -0.0470 0.0000 30195.1040
9400.0000 331.8884 0.2215 -0.0455 0.0000 29976.4340
9450.0000 332.0955 0.2137 -0.0440 0.0000 29757.7640
9500.0000 332.3029 0.2062 -0.0426 0.0000 29539.0940
9550.0000 332.5106 0.1989 -0.0412 0.0000 29320.4240
9600.0000 332.7185 0.1918 -0.0398 0.0000 29101.7539
9650.0000 332.9267 0.1849 -0.0385 0.0000 28895.0265
9700.0000 333.1352 0.1782 -0.0372 0.0000 28688.2991
9750.0000 333.3439 0.1718 -0.0360 0.0000 28481.5716
9800.0000 333.5529 0.1655 -0.0348 0.0000 28274.8442
9850.0000 333.7622 0.1594 -0.0337 0.0000 28068.1167
9900.0000 333.9717 0.1536 -0.0326 0.0000 27861.3893
9950.0000 334.1815 0.1479 -0.0315 0.0000 27654.6618
10000.0000 334.3916 0.1424 -0.0305 0.0000 27447.9344
10050.0000 334.6019 0.1370 -0.0295 0.0000 27241.2069
10100.0000 334.8125 0.1318 -0.0285 0.0000 27039.0549
10150.0000 335.0234 0.1268 -0.0276 0.0000 26843.7658
10200.0000 335.2345 0.1220 -0.0267 0.0000 26648.4768
10250.0000 335.4458 0.1173 -0.0258 0.0000 26453.1878
10300.0000 335.6575 0.1128 -0.0250 0.0000 26257.8987
10350.0000 335.8694 0.1084 -0.0242 0.0000 26062.6097
10400.0000 336.0815 0.1042 -0.0234 0.0000 25867.3207
10450.0000 336.2939 0.1001 -0.0226 0.0000 25672.0316
10500.0000 336.5065 0.0961 -0.0219 0.0000 25476.7426
10550.0000 336.7194 0.0923 -0.0211 0.0000 25281.4536
10600.0000 336.9326 0.0886 -0.0205 0.0000 25094.9233
10650.0000 337.1460 0.0850 -0.0198 0.0000 24910.5826
10700.0000 337.3597 0.0816 -0.0191 0.0000 24726.2420
10750.0000 337.5736 0.0782 -0.0185 0.0000 24541.9014
10800.0000 337.7877 0.0750 -0.0179 0.0000 24357.5607
10850.0000 338.0021 0.0719 -0.0173 0.0000 24173.2201
10900.0000 338.2168 0.0689 -0.0168 0.0000 23988.8795
10950.0000 338.4317 0.0661 -0.0162 0.0000 23804.5388
11000.0000 338.6468 0.0633 -0.0157 0.0000 23620.1982
11050.0000 338.8622 0.0606 -0.0152 0.0000 23437.9521
11100.0000 339.0778 0.0580 -0.0147 0.0000 23264.0842
11150.0000 339.2937 0.0555 -0.0142 0.0000 23090.2162
11200.0000 339.5098 0.0531 -0.0137 0.0000 22916.3483
11250.0000 339.7262 0.0508 -0.0133 0.0000 22742.4804
11300.0000 339.9428 0.0486 -0.0128 0.0000 22568.6125
11350.0000 340.1596 0.0464 -0.0124 0.0000 22394.7445
11400.0000 340.3767 0.0443 -0.0120 0.0000 22220.8766
11450.0000 340.5940 0.0424 -0.0116 0.0000 22047.0087
11500.0000 340.8116 0.0404 -0.0112 0.0000 21873.1408
11550.0000 341.0294 0.0386 -0.0109 0.0000 21705.3784
11600.0000 341.2474 0.0368 -0.0105 0.0000 21541.6864
11650.0000 341.4657 0.0351 -0.0102 0.0000 21377.9943
11700.0000 341.6842 0.0335 -0.0098 0.0000 21214.3023
11750.0000 341.9029 0.0319 -0.0095 0.0000 21050.6103
11800.0000 342.1218 0.0304 -0.0092 0.0000 20886.9183
11850.0000 342.3410 0.0290 -0.0089 0.0000 20723.2263
11900.0000 342.5605 0.0276 -0.0086 0.0000 20559.5342
11950.0000 342.7801 0.0262 -0.0083 0.0000 20395.8422
12000.0000 343.0000 0.0250 -0.0080 0.0000 20232.1502
12050.0000 343.7863 0.0252 -0.0078 0.0000 20079.1878
12100.0000 344.5744 0.0254 -0.0075 0.0000 19926.2254
12150.0000 345.3643 0.0257 -0.0073 0.0000 19773.2630
12200.0000 346.1560 0.0259 -0.0070 0.0000 19620.3006
12250.0000 346.9495 0.0261 -0.0068 0.0000 19467.3382
12300.0000 347.7449 0.0264 -0.0066 0.0000 19314.3758
12350.0000 348.5420 0.0266 -0.0064 0.0000 19161.4134
12400.0000 349.3410 0.0269 -0.0062 0.0000 19008.4510
12450.0000 350.1418 0.0271 -0.0060 0.0000 18855.4886
12500.0000 350.9445 0.0273 -0.0058 0.0000 18706.9378
12550.0000 351.7490 0.0276 -0.0056 0.0000 18565.0043
12600.0000 352.5553 0.0279 -0.0054 0.0000 18423.0708
12650.0000 353.3635 0.0281 -0.0052 0.0000 18281.1374
12700.0000 354.1736 0.0284 -0.0050 0.0000 18139.2039
12750.0000 354.9855 0.0286 -0.0049 0.0000 17997.2704
12800.0000 355.7993 0.0289 -0.0047 0.0000 17855.3369
12850.0000 356.6149 0.0292 -0.0046 0.0000 17713.4034
12900.0000 357.4324 0.0294 -0.0044 0.0000 17571.4700
12950.0000 358.2518 0.0297 -0.0043 0.0000 17429.5365
13000.0000 359.0730 0.0300 -0.0041 0.0000 17295.8965
13050.0000 359.8961 0.0302 -0.0040 0.0000 17164.3299
13100.0000 360.7212 0.0305 -0.0039 0.0000 17032.7634
13150.0000 361.5481 0.0308 -0.0037 0.0000 16901.1968
13200.0000 362.3769 0.0311 -0.0036 0.0000 16769.6302
13250.0000 363.2076 0.0314 -0.0035 0.0000 16638.0636
13300.0000 364.0402 0.0317 -0.0034 0.0000 16506.4970
13350.0000 364.8747 0.0320 -0.0033 0.0000 16374.9305
13400.0000 365.7112 0.0322 -0.0032 0.0000 16243.3639
13450.0000 366.5495 0.0325 -0.0031 0.0000 16113.7186
13500.0000 367.3898 0.0328 -0.0030 0.0000 15991.7585
13550.0000 368.2320 0.0331 -0.0029 0.0000 15869.7984
13600.0000 369.0761 0.0335 -0.0028 0.0000 15747.8383
13650.0000 369.9222 0.0338 -0.0027 0.0000 15625.8782
13700.0000 370.7702 0.0341 -0.0026 0.0000 15503.9181
13750.0000 371.6202 0.0344 -0.0025 0.0000 15381.9580
13800.0000 372.4720 0.0347 -0.0024 0.0000 15259.9979
13850.0000 373.3259 0.0350 -0.0023 0.0000 15138.0378
13900.0000 374.1817 0.0354 -0.0023 0.0000 15016.0777
13950.0000 375.0395 0.0357 -0.0022 0.0000 14899.4588
14000.0000 375.8992 0.0360 -0.0021 0.0000 14786.4006
14050.0000 376.7609 0.0363 -0.0021 0.0000 14673.3425
14100.0000 377.6246 0.0367 -0.0020 0.0000 14560.2844
14150.0000 378.4903 0.0370 -0.0019 0.0000 14447.2263
14200.0000 379.3579 0.0374 -0.0019 0.0000 14334.1682
14250.0000 380.2275 0.0377 -0.0018 0.0000 14221.1101
14300.0000 381.0992 0.0381 -0.0017 0.0000 14108.0520
14350.0000 381.9728 0.0384 -0.0017 0.0000 13994.9939
14400.0000 382.8484 0.0388 -0.0016 0.0000 13881.9357
14450.0000 383.7261 0.0391 -0.0016 0.0000 13777.1270
14500.0000 384.6057 0.0395 -0.0015 0.0000 13672.3182
14550.0000 385.4874 0.0399 -0.0015 0.0000 13567.5094
14600.0000 386.3711 0.0402 -0.0014 0.0000 13462.7006
14650.0000 387.2568 0.0406 -0.0014 0.0000 13357.8918
14700.0000 388.1445 0.0410 -0.0013 0.0000 13253.0831
14750.0000 389.0343 0.0414 -0.0013 0.0000 13148.2743
14800.0000 389.9261 0.0417 -0.0012 0.0000 13043.4655
14850.0000 390.8200 0.0421 -0.0012 0.0000 12938.6567
14900.0000 391.7159 0.0425 -0.0012 0.0000 12836.9060
14950.0000 392.6139 0.0429 -0.0011 0.0000 12739.7423
15000.0000 393.5139 0.0433 -0.0011 0.0000 12642.5786
15050.0000 394.4160 0.0437 -0.0011 0.0000 12545.4149
15100.0000 395.3201 0.0441 -0.0010 0.0000 12448.2512
15150.0000 396.2264 0.0445 -0.0010 0.0000 12351.0875
15200.0000 397.1347 0.0450 -0.0010 0.0000 12253.9238
15250.0000 398.0450 0.0454 -0.0009 0.0000 12156.7601
15300.0000 398.9575 0.0458 -0.0009 0.0000 12059.5964
15350.0000 399.8721 0.0462 -0.0009 0.0000 11962.4327
15400.0000 400.7888 0.0467 -0.0008 0.0000 11870.9373
15450.0000 401.7075 0.0471 -0.0008 0.0000 11780.8589
15500.0000 402.6284 0.0475 -0.0008 0.0000 11690.7804
15550.0000 403.5514 0.0480 -0.0008 0.0000 11600.7020
15600.0000 404.4765 0.0484 -0.0007 0.0000 11510.6236
15650.0000 405.4037 0.0489 -0.0007 0.0000 11420.5452
15700.0000 406.3330 0.0493 -0.0007 0.0000 11330.4668
15750.0000 407.2645 0.0498 -0.0007 0.0000 11240.3884
15800.0000 408.1981 0.0503 -0.0006 0.0000 11150.3100
15850.0000 409.1339 0.0507 -0.0006 0.0000 11061.5449
15900.0000 410.0717 0.0512 -0.0006 0.0000 10978.0327
15950.0000 411.0118 0.0517 -0.0006 0.0000 10894.5206
16000.0000 411.9540 0.0522 -0.0006 0.0000 10811.0084
16050.0000 412.8983 0.0527 -0.0005 0.0000 10727.4963
16100.0000 413.8449 0.0531 -0.0005 0.0000 10643.9842
16150.0000 414.7936 0.0536 -0.0005 0.0000 10560.4720
16200.0000 415.7444 0.0542 -0.0005 0.0000 10476.9599
16250.0000 416.6975 0.0547 -0.0005 0.0000 10393.4477
16300.0000 417.6527 0.0552 -0.0005 0.0000 10309.9356
16350.0000 418.6101 0.0557 -0.0004 0.0000 10230.0746
16400.0000 419.5698 0.0562 -0.0004 0.0000 10152.6477
16450.0000 420.5316 0.0567 -0.0004 0.0000 10075.2209
16500.0000 421.4956 0.0573 -0.0004 0.0000 9997.7940
16550.0000 422.4618 0.0578 -0.0004 0.0000 9920.3671
16600.0000 423.4303 0.0584 -0.0004 0.0000 9842.9403
16650.0000 424.4009 0.0589 -0.0004 0.0000 9765.5134
16700.0000 425.3738 0.0595 -0.0004 0.0000 9688.0865
16750.0000 426.3490 0.0600 -0.0003 0.0000 9610.6597
16800.0000 427.3263 0.0606 -0.0003 0.0000 9533.2328
16850.0000 428.3059 0.0612 -0.0003 0.0000 9461.4456
16900.0000 429.2878 0.0617 -0.0003 0.0000 9389.6584
16950.0000 430.2718 0.0623 -0.0003 0.0000 9317.8711
17000.0000 431.2582 0.0629 -0.0003 0.0000 9246.0839
17050.0000 432.2468 0.0635 -0.0003 0.0000 9174.2967
17100.0000 433.2377 0.0641 -0.0003 0.0000 9102.5095
17150.0000 434.2308 0.0647 -0.0003 0.0000 9030.7222
17200.0000 435.2263 0.0653 -0.0003 0.0000 8958.9350
17250.0000 436.2240 0.0659 -0.0002 0.0000 8887.1478
17300.0000 437.2240 0.0665 -0.0002 0.0000 8817.4513
17350.0000 438.2262 0.0672 -0.0002 0.0000 8750.8908
17400.0000 439.2308 0.0678 -0.0002 0.0000 8684.3304
17450.0000 440.2377 0.0684 -0.0002 0.0000 8617.7699
17500.0000 441.2469 0.0691 -0.0002 0.0000 8551.2095
17550.0000 442.2584 0.0697 -0.0002 0.0000 8484.6490
17600.0000 443.2723 0.0704 -0.0002 0.0000 8418.0886
17650.0000 444.2884 0.0711 -0.0002 0.0000 8351.5281
17700.0000 445.3069 0.0717 -0.0002 0.0000 8284.9677
17750.0000 446.3277 0.0724 -0.0002 0.0000 8218.4073
17800.0000 447.3509 0.0731 -0.0002 0.0000 8155.7222
17850.0000 448.3764 0.0738 -0.0002 0.0000 8094.0060
17900.0000 449.4042 0.0745 -0.0002 0.0000 8032.2898
17950.0000 450.4344 0.0752 -0.0002 0.0000 7970.5736
18000.0000 451.4670 0.0759 -0.0001 0.0000 7908.8574
18050.0000 452.5019 0.0766 -0.0001 0.0000 7847.1412
18100.0000 453.5392 0.0774 -0.0001 0.0000 7785.4250
18150.0000 454.5789 0.0781 -0.0001 0.0000 7723.7088
18200.0000 455.6210 0.0788 -0.0001 0.0000 7661.9926
18250.0000 456.6655 0.0796 -0.0001 0.0000 7601.1743
18300.0000 457.7123 0.0803 -0.0001 0.0000 7543.9479
18350.0000 458.7616 0.0811 -0.0001 0.0000 7486.7215
18400.0000 459.8132 0.0819 -0.0001 0.0000 7429.4952
18450.0000 460.8673 0.0827 -0.0001 0.0000 7372.2688
18500.0000 461.9238 0.0834 -0.0001 0.0000 7315.0424
18550.0000 462.9827 0.0842 -0.0001 0.0000 7257.8160
18600.0000 464.0440 0.0850 -0.0001 0.0000 7200.5896
18650.0000 465.1078 0.0859 -0.0001 0.0000 7143.3632
18700.0000 466.1740 0.0867 -0.0001 0.0000 7086.1368
18750.0000 467.2427 0.0875 -0.0001 0.0000 7031.4073
18800.0000 468.3138 0.0883 -0.0001 0.0000 6978.3423
18850.0000 469.3873 0.0892 -0.0001 0.0000 6925.2774
18900.0000 470.4633 0.0900 -0.0001 0.0000 6872.2124
18950.0000 471.5418 0.0909 -0.0001 0.0000 6819.1475
19000.0000 472.6228 0.0917 -0.0001 0.0000 6766.0825
19050.0000 473.7062 0.0926 -0.0001 0.0000 6713.0176
19100.0000 474.7921 0.0935 -0.0001 0.0000 6659.9526
19150.0000 475.8805 0.0944 -0.0001 0.0000 6606.8876
19200.0000 476.9715 0.0953 -0.0001 0.0000 6553.8227
19250.0000 478.0649 0.0962 -0.0001 0.0000 6504.6148
19300.0000 479.1608 0.0971 -0.0001 0.0000 6455.4069
19350.0000 480.2592 0.0981 -0.0001 0.0000 6406.1990
19400.0000 481.3601 0.0990 -0.0001 0.0000 6356.9911
19450.0000 482.4636 0.1000 -0.0001 0.0000 6307.7832
19500.0000 483.5696 0.1009 -0.0001 0.0000 6258.5753
19550.0000 484.6781 0.1019 -0.0001 0.0000 6209.3674
19600.0000 485.7892 0.1029 -0.0001 0.0000 6160.1596
19650.0000 486.9028 0.1038 -0.0000 0.0000 6110.9517
19700.0000 488.0190 0.1048 -0.0000 0.0000 6063.1736
19750.0000 489.1377 0.1058 -0.0000 0.0000 6017.5403
19800.0000 490.2590 0.1069 -0.0000 0.0000 5971.9070
19850.0000 491.3829 0.1079 -0.0000 0.0000 5926.2737
19900.0000 492.5093 0.1089 -0.0000 0.0000 5880.6404
19950.0000 493.6383 0.1100 -0.0000 0.0000 5835.0071
20000.0000 494.7699 0.1110 -0.0000 0.0000 5789.3738
20050.0000 495.9041 0.1121 -0.0000 0.0000 5743.7405
20100.0000 497.0409 0.1132 -0.0000 0.0000 5698.1072
20150.0000 498.1804 0.1143 -0.0000 0.0000 5652.4739
20200.0000 499.3224 0.1154 -0.0000 0.0000 5609.4848
20250.0000 500.4670 0.1165 -0.0000 0.0000 5567.1567
20300.0000 501.6143 0.1176 -0.0000 0.0000 5524.8287
20350.0000 502.7642 0.1187 -0.0000 0.0000 5482.5006
20400.0000 503.9167 0.1199 -0.0000 0.0000 5440.1725
20450.0000 505.0719 0.1210 -0.0000 0.0000 5397.8445
20500.0000 506.2297 0.1222 -0.0000 0.0000 5355.5164
20550.0000 507.3902 0.1234 -0.0000 0.0000 5313.1883
20600.0000 508.5533 0.1246 -0.0000 0.0000 5270.8603
20650.0000 509.7191 0.1258 -0.0000 0.0000 5229.1420
20700.0000 510.8876 0.1270 -0.0000 0.0000 5189.8629
20750.0000 512.0587 0.1282 -0.0000 0.0000 5150.5838
20800.0000 513.2326 0.1294 -0.0000 0.0000 5111.3047
20850.0000 514.4091 0.1307 -0.0000 0.0000 5072.0256
20900.0000 515.5883 0.1320 -0.0000 0.0000 5032.7465
20950.0000 516.7703 0.1332 -0.0000 0.0000 4993.4674
21000.0000 517.9549 0.1345 -0.0000 0.0000 4954.1883
21050.0000 519.1423 0.1358 -0.0000 0.0000 4914.9093
21100.0000 520.3323 0.1371 -0.0000 0.0000 4875.6302
21150.0000 521.5251 0.1385 -0.0000 0.0000 4838.0391
21200.0000 522.7207 0.1398 -0.0000 0.0000 4801.5734
21250.0000 523.9190 0.1412 -0.0000 0.0000 4765.1077
21300.0000 525.1200 0.1425 -0.0000 0.0000 4728.6420
21350.0000 526.3238 0.1439 -0.0000 0.0000 4692.1763
21400.0000 527.5303 0.1453 -0.0000 0.0000 4655.7106
21450.0000 528.7396 0.1467 -0.0000 0.0000 4619.2449
21500.0000 529.9517 0.1482 -0.0000 0.0000 4582.7792
21550.0000 531.1665 0.1496 -0.0000 0.0000 4546.3135
21600.0000 532.3842 0.1511 -0.0000 0.0000 4509.8478
21650.0000 533.6046 0.1525 -0.0000 0.0000 4475.9806
21700.0000 534.8278 0.1540 -0.0000 0.0000 4442.1134
21750.0000 536.0539 0.1555 -0.0000 0.0000 4408.2462
21800.0000 537.2827 0.1570 -0.0000 0.0000 4374.3790
21850.0000 538.5144 0.1586 -0.0000 0.0000 4340.5118
21900.0000 539.7489 0.1601 -0.0000 0.0000 4306.6446
21950.0000 540.9862 0.1617 -0.0000 0.0000 4272.7774
22000.0000 542.2263 0.1632 -0.0000 0.0000 4238.9102
22050.0000 543.4693 0.1648 -0.0000 0.0000 4205.0430
22100.0000 544.7152 0.1664 -0.0000 0.0000 4172.1366
22150.0000 545.9639 0.1681 -0.0000 0.0000 4140.6716
22200.0000 547.2154 0.1697 -0.0000 0.0000 4109.2066
22250.0000 548.4699 0.1714 -0.0000 0.0000 4077.7415
22300.0000 549.7272 0.1730 -0.0000 0.0000 4046.2765
22350.0000 550.9874 0.1747 -0.0000 0.0000 4014.8115
22400.0000 552.2504 0.1764 -0.0000 0.0000 3983.3464
22450.0000 553.5164 0.1782 -0.0000 0.0000 3951.8814
22500.0000 554.7853 0.1799 -0.0000 0.0000 3920.4164
22550.0000 556.0571 0.1817 -0.0000 0.0000 3888.9513
22600.0000 557.3318 0.1835 -0.0000 0.0000 3859.2643
22650.0000 558.6094 0.1853 -0.0000 0.0000 3830.0219
22700.0000 559.8899 0.1871 -0.0000 0.0000 3800.7794
22750.0000 561.1734 0.1889 -0.0000 0.0000 3771.5370
22800.0000 562.4598 0.1908 -0.0000 0.0000 3742.2945
22850.0000 563.7492 0.1926 -0.0000 0.0000 3713.0520
22900.0000 565.0416 0.1945 -0.0000 0.0000 3683.8096
22950.0000 566.3368 0.1964 -0.0000 0.0000 3654.5671
23000.0000 567.6351 0.1984 -0.0000 0.0000 3625.3247
23050.0000 568.9364 0.2003 -0.0000 0.0000 3596.4938
23100.0000 570.2406 0.2023 -0.0000 0.0000 3569.3094
23150.0000 571.5478 0.2043 -0.0000 0.0000 3542.1250
23200.0000 572.8580 0.2063 -0.0000 0.0000 3514.9406
23250.0000 574.1712 0.2083 -0.0000 0.0000 3487.7562
23300.0000 575.4874 0.2104 -0.0000 0.0000 3460.5718
23350.0000 576.8067 0.2124 -0.0000 0.0000 3433.3873
23400.0000 578.1289 0.2145 -0.0000 0.0000 3406.2029
23450.0000 579.4542 0.2167 -0.0000 0.0000 3379.0185
23500.0000 580.7826 0.2188 -0.0000 0.0000 3351.8341
23550.0000 582.1139 0.2210 -0.0000 0.0000 3325.7940
23600.0000 583.4484 0.2231 -0.0000 0.0000 3300.5167
23650.0000 584.7859 0.2253 -0.0000 0.0000 3275.2395
23700.0000 586.1264 0.2276 -0.0000 0.0000 3249.9622
23750.0000 587.4701 0.2298 -0.0000 0.0000 3224.6850
23800.0000 588.8168 0.2321 -0.0000 0.0000 3199.4077
23850.0000 590.1666 0.2344 -0.0000 0.0000 3174.1304
23900.0000 591.5195 0.2367 -0.0000 0.0000 3148.8532
23950.0000 592.8754 0.2391 -0.0000 0.0000 3123.5759
24000.0000 594.2345 0.2414 -0.0000 0.0000 3098.2987
